00000000
00000000
00000000
00001010
          :10
10000000
00000000
00000000
00000000
          :2147483648
00000000
00000000
00000100
11110100
          :1268
00000000
00000000
00110100
11010001
          :13521
00000000
00000000
01001011
00011011
          :19227
00000000
00000000
01010010
00010110
          :21014
00000000
00000000
10001001
10100111
          :35239
00000000
00000000
10100000
00000100
          :40964
00000000
00000000
10110110
00010011
          :46611
00000000
00000000
10111110
10001110
          :48782
00000000
00000000
11001011
10011110
          :52126
00000000
00000000
11010100
01111111
          :54399
00000000
00000000
00000000
00000000
          :0
00000000
00000000
00000000
00000000
          :0
00000000
00000000
00000000
00000000
          :0
00000000
00000000
00000000
00000000
          :0
00000000
00000000
00000000
00000000
          :0
00000000
00000000
00000000
00000000
          :0
00000000
00000000
00000000
00000000
          :0
00000000
00000000
00000000
00000000
          :0
00000000
00000000
00000000
00000000
          :0
00000000
00000000
00000000
00000000
          :0
00000000
00000000
00000000
00000000
          :0
00000000
00000000
00000000
00000000
          :0
00000000
00000000
00000000
00000000
          :0
00000000
00000000
00000000
00000000
          :0
00000000
00000000
00000000
00000000
          :0
00000000
00000000
00000000
00000000
          :0
00000000
00000000
00000000
00000000
          :0
00000000
00000000
00000000
00000000
          :0
00000000
00000000
00000000
00000000
          :0
00000000
00000000
00000000
00000000
          :0
00000000
00000000
00000000
00000000
          :0
00000000
00000000
00000000
00000000
          :0
00000000
00000000
00000000
00000000
          :0
00000000
00000000
00000000
00000000
          :0
00000000
00000000
00000000
00000000
          :0
00000000
00000000
00000000
00000000
          :0
00000000
00000000
00000000
00000000
          :0
00000000
00000000
00000000
00000000
          :0
00000000
00000000
00000000
00000000
          :0
00000000
00000000
00000000
00000000
          :0
00000000
00000000
00000000
00000000
          :0
00000000
00000000
00000000
00000000
          :0
00000000
00000000
00000000
00000000
          :0
00000000
00000000
00000000
00000000
          :0
00000000
00000000
00000000
00000000
          :0
00000000
00000000
00000000
00000000
          :0
00000000
00000000
00000000
00000000
          :0
00000000
00000000
00000000
00000000
          :0
00000000
00000000
00000000
00000000
          :0
00000000
00000000
00000000
00000000
          :0
00000000
00000000
00000000
00000000
          :0
00000000
00000000
00000000
00000000
          :0
00000000
00000000
00000000
00000000
          :0
00000000
00000000
00000000
00000000
          :0
00000000
00000000
00000000
00000000
          :0
00000000
00000000
00000000
00000000
          :0
00000000
00000000
00000000
00000000
          :0
00000000
00000000
00000000
00000000
          :0
00000000
00000000
00000000
00000000
          :0
00000000
00000000
00000000
00000000
          :0
00000000
00000000
00000000
00000000
          :0
00000000
00000000
00000000
00000000
          :0
00000000
00000000
00000000
00000000
          :0
00000000
00000000
00000000
00000000
          :0
00000000
00000000
00000000
00000000
          :0
00000000
00000000
00000000
00000000
          :0
00000000
00000000
00000000
00000000
          :0
00000000
00000000
00000000
00000000
          :0
00000000
00000000
00000000
00000000
          :0
00000000
00000000
00000000
00000000
          :0
00000000
00000000
00000000
00000000
          :0
00000000
00000000
00000000
00000000
          :0
00000000
00000000
00000000
00000000
          :0
00000000
00000000
00000000
00000000
          :0
00000000
00000000
00000000
00000000
          :0
00000000
00000000
00000000
00000000
          :0
00000000
00000000
00000000
00000000
          :0
00000000
00000000
00000000
00000000
          :0
00000000
00000000
00000000
00000000
          :0
00000000
00000000
00000000
00000000
          :0
00000000
00000000
00000000
00000000
          :0
00000000
00000000
00000000
00000000
          :0
00000000
00000000
00000000
00000000
          :0
00000000
00000000
00000000
00000000
          :0
00000000
00000000
00000000
00000000
          :0
00000000
00000000
00000000
00000000
          :0
00000000
00000000
00000000
00000000
          :0
00000000
00000000
00000000
00000000
          :0
00000000
00000000
00000000
00000000
          :0
00000000
00000000
00000000
00000000
          :0
00000000
00000000
00000000
00000000
          :0
00000000
00000000
00000000
00000000
          :0
00000000
00000000
00000000
00000000
          :0
00000000
00000000
00000000
00000000
          :0
00000000
00000000
00000000
00000000
          :0
00000000
00000000
00000000
00000000
          :0
00000000
00000000
00000000
00000000
          :0
00000000
00000000
00000000
00000000
          :0
00000000
00000000
00000000
00000000
          :0
00000000
00000000
00000000
00000000
          :0
00000000
00000000
00000000
00000000
          :0
00000000
00000000
00000000
00000000
          :0
00000000
00000000
00000000
00000000
          :0
00000000
00000000
00000000
00000000
          :0
00000000
00000000
00000000
00000000
          :0
00000000
00000000
00000000
00000000
          :0
00000000
00000000
00000000
00000000
          :0
00000000
00000000
00000000
00000000
          :0
00000000
00000000
00000000
00000000
          :0
00000000
00000000
00000000
00000000
          :0
00000000
00000000
00000000
00000000
          :0
00000000
00000000
00000000
00000000
          :0
00000000
00000000
00000000
00000000
          :0
00000000
00000000
00000000
00000000
          :0
00000000
00000000
00000000
00000000
          :0
00000000
00000000
00000000
00000000
          :0
00000000
00000000
00000000
00000000
          :0
00000000
00000000
00000000
00000000
          :0
00000000
00000000
00000000
00000000
          :0
00000000
00000000
00000000
00000000
          :0
00000000
00000000
00000000
00000000
          :0
00000000
00000000
00000000
00000000
          :0
00000000
00000000
00000000
00000000
          :0
00000000
00000000
00000000
00000000
          :0
00000000
00000000
00000000
00000000
          :0
00000000
00000000
00000000
00000000
          :0
00000000
00000000
00000000
00000000
          :0
00000000
00000000
00000000
00000000
          :0
00000000
00000000
00000000
00000000
          :0
00000000
00000000
00000000
00000000
          :0
00000000
00000000
00000000
00000000
          :0
00000000
00000000
00000000
00000000
          :0
00000000
00000000
00000000
00000000
          :0
00000000
00000000
00000000
00000000
          :0
00000000
00000000
00000000
00000000
          :0
00000000
00000000
00000000
00000000
          :0
00000000
00000000
00000000
00000000
          :0
00000000
00000000
00000000
00000000
          :0
00000000
00000000
00000000
00000000
          :0
00000000
00000000
00000000
00000000
          :0
00000000
00000000
00000000
00000000
          :0
00000000
00000000
00000000
00000000
          :0
00000000
00000000
00000000
00000000
          :0
00000000
00000000
00000000
00000000
          :0
00000000
00000000
00000000
00000000
          :0
00000000
00000000
00000000
00000000
          :0
00000000
00000000
00000000
00000000
          :0
00000000
00000000
00000000
00000000
          :0
00000000
00000000
00000000
00000000
          :0
00000000
00000000
00000000
00000000
          :0
00000000
00000000
00000000
00000000
          :0
00000000
00000000
00000000
00000000
          :0
00000000
00000000
00000000
00000000
          :0
00000000
00000000
00000000
00000000
          :0
00000000
00000000
00000000
00000000
          :0
00000000
00000000
00000000
00000000
          :0
00000000
00000000
00000000
00000000
          :0
00000000
00000000
00000000
00000000
          :0
00000000
00000000
00000000
00000000
          :0
00000000
00000000
00000000
00000000
          :0
00000000
00000000
00000000
00000000
          :0
00000000
00000000
00000000
00000000
          :0
00000000
00000000
00000000
00000000
          :0
00000000
00000000
00000000
00000000
          :0
00000000
00000000
00000000
00000000
          :0
00000000
00000000
00000000
00000000
          :0
00000000
00000000
00000000
00000000
          :0
00000000
00000000
00000000
00000000
          :0
00000000
00000000
00000000
00000000
          :0
00000000
00000000
00000000
00000000
          :0
00000000
00000000
00000000
00000000
          :0
00000000
00000000
00000000
00000000
          :0
00000000
00000000
00000000
00000000
          :0
00000000
00000000
00000000
00000000
          :0
00000000
00000000
00000000
00000000
          :0
00000000
00000000
00000000
00000000
          :0
00000000
00000000
00000000
00000000
          :0
00000000
00000000
00000000
00000000
          :0
00000000
00000000
00000000
00000000
          :0
00000000
00000000
00000000
00000000
          :0
00000000
00000000
00000000
00000000
          :0
00000000
00000000
00000000
00000000
          :0
00000000
00000000
00000000
00000000
          :0
00000000
00000000
00000000
00000000
          :0
00000000
00000000
00000000
00000000
          :0
00000000
00000000
00000000
00000000
          :0
00000000
00000000
00000000
00000000
          :0
00000000
00000000
00000000
00000000
          :0
00000000
00000000
00000000
00000000
          :0
00000000
00000000
00000000
00000000
          :0
00000000
00000000
00000000
00000000
          :0
00000000
00000000
00000000
00000000
          :0
00000000
00000000
00000000
00000000
          :0
00000000
00000000
00000000
00000000
          :0
00000000
00000000
00000000
00000000
          :0
00000000
00000000
00000000
00000000
          :0
00000000
00000000
00000000
00000000
          :0
00000000
00000000
00000000
00000000
          :0
00000000
00000000
00000000
00000000
          :0
00000000
00000000
00000000
00000000
          :0
00000000
00000000
00000000
00000000
          :0
00000000
00000000
00000000
00000000
          :0
00000000
00000000
00000000
00000000
          :0
00000000
00000000
00000000
00000000
          :0
00000000
00000000
00000000
00000000
          :0
00000000
00000000
00000000
00000000
          :0
00000000
00000000
00000000
00000000
          :0
00000000
00000000
00000000
00000000
          :0
00000000
00000000
00000000
00000000
          :0
00000000
00000000
00000000
00000000
          :0
00000000
00000000
00000000
00000000
          :0
00000000
00000000
00000000
00000000
          :0
00000000
00000000
00000000
00000000
          :0
00000000
00000000
00000000
00000000
          :0
00000000
00000000
00000000
00000000
          :0
00000000
00000000
00000000
00000000
          :0
00000000
00000000
00000000
00000000
          :0
00000000
00000000
00000000
00000000
          :0
00000000
00000000
00000000
00000000
          :0
00000000
00000000
00000000
00000000
          :0
00000000
00000000
00000000
00000000
          :0
00000000
00000000
00000000
00000000
          :0
00000000
00000000
00000000
00000000
          :0
00000000
00000000
00000000
00000000
          :0
00000000
00000000
00000000
00000000
          :0
00000000
00000000
00000000
00000000
          :0
00000000
00000000
00000000
00000000
          :0
00000000
00000000
00000000
00000000
          :0
00000000
00000000
00000000
00000000
          :0
00000000
00000000
00000000
00000000
          :0
00000000
00000000
00000000
00000000
          :0
00000000
00000000
00000000
00000000
          :0
00000000
00000000
00000000
00000000
          :0
00000000
00000000
00000000
00000000
          :0
00000000
00000000
00000000
00000000
          :0
00000000
00000000
00000000
00000000
          :0
00000000
00000000
00000000
00000000
          :0
00000000
00000000
00000000
00000000
          :0
00000000
00000000
00000000
00000000
          :0
00000000
00000000
00000000
00000000
          :0
00000000
00000000
00000000
00000000
          :0
00000000
00000000
00000000
00000000
          :0
00000000
00000000
00000000
00000000
          :0
00000000
00000000
00000000
00000000
          :0
00000000
00000000
00000000
00000000
          :0
00000000
00000000
00000000
00000000
          :0
00000000
00000000
00000000
00000000
          :0
00000000
00000000
00000000
00000000
          :0
