10001100
00000100
00000000
00000100
10001100
00010000
00000000
00000000
00100110
00010000
11111111
11111111
00010010
00000000
00000000
00001101
00100100
00010001
11111111
11111111
00100100
00010010
11111111
11111100
00100110
00110001
00000000
00000001
00100110
01010010
00000000
00000100
00010010
00110000
11111111
11111001
10001110
01001000
00000000
00001000
10001110
01001001
00000000
00001100
00000001
00101000
01010000
00100011
00000001
01000100
01010000
00100100
00010001
01000000
11111111
11111000
10101110
01001001
00000000
00001000
10101110
01001000
00000000
00001100
00001000
00000000
00000000
00000110
11111111
11111111
11111111
11111111
